local_slide( {"name":"85C83BB4-87C8-4B70-A456-B0C34922AC6C","json":{"assets":{"8DF1B3F98C1EC83BF8DFAE1D619D0E25":{"type":"texture","index":3,"assetRequest":{"type":"slide","state":"contents","slide":"none"},"url":{"native":"assets/85C83BB4-87C8-4B70-A456-B0C34922AC6C.pdf"},"width":1024,"height":384},"BAF7728D059F5FEE298D0A80A8183D35":{"type":"texture","index":1,"assetRequest":{"type":"slide","state":"contents","slide":"none"},"url":{"native":"assets/85C83BB4-87C8-4B70-A456-B0C34922AC6C.pdf"},"width":1024,"height":768},"DB6550025D179A08D61C6E8A620043F2":{"type":"texture","index":0,"assetRequest":{"type":"slide","state":"contents","slide":"none"},"url":{"native":"assets/85C83BB4-87C8-4B70-A456-B0C34922AC6C.pdf"},"width":1024,"height":768},"25F8DCB6D765BB329C09C11FF1C84213":{"type":"texture","index":2,"assetRequest":{"type":"slide","state":"contents","slide":"none"},"url":{"native":"assets/85C83BB4-87C8-4B70-A456-B0C34922AC6C.pdf"},"width":1024,"height":384}},"events":[{"effects":[{"beginTime":0,"baseLayer":{"animations":[],"initialState":{"affineTransform":[1,0,0,1,0,0],"masksToBounds":false,"rotation":0,"scale":1,"position":{"pointX":512,"pointY":384},"width":1024,"sublayerTransform":[1,0,0,0,0,1,0,0,0,0,1,0,0,0,0,1],"contentsRect":{"y":0,"x":0,"width":1,"height":1},"opacity":1,"edgeAntialiasingMask":251658240,"height":768,"hidden":false,"anchorPoint":{"pointX":0.5,"pointY":0.5}},"objectID":"0","layers":[{"animations":[],"initialState":{"affineTransform":[1,0,0,1,0,0],"masksToBounds":false,"rotation":0,"scale":1,"position":{"pointX":512,"pointY":384},"width":1024,"sublayerTransform":[1,0,0,0,0,1,0,0,0,0,1,-0.0004922987690640373,0,0,0,1],"contentsRect":{"y":0,"x":0,"width":1,"height":1},"opacity":1,"edgeAntialiasingMask":251658240,"height":768,"hidden":false,"anchorPoint":{"pointX":0.5,"pointY":0.5}},"layers":[{"animations":[{"timeOffset":0,"beginTime":0,"repeatCount":0,"animations":[{"timeOffset":0,"from":{"scalar":0.25},"beginTime":0,"repeatCount":0,"fillMode":"removed","duration":1.5,"autoreverses":false,"timingFunction":"EaseOut","property":"opacity","to":{"scalar":1}},{"timeOffset":0,"values":[{"transform":[0,0,-1,0,0,1,0,0,1,0,0,0,-512,0,512,1]},{"transform":[0.01144494066566141,0,-0.9999345045217509,0,0,1,0,0,0.9999345045217509,0,0.01144494066566141,0,-511.9664663151365,0,488.5619128898263,1]},{"transform":[0.04293566274419743,0,-0.9990778392421266,0,0,1,0,0,0.9990778392421266,0,0.04293566274419743,0,-511.5278536919688,0,424.1285784438263,1]},{"transform":[0.09078803332802969,0,-0.9958702390394185,0,0,1,0,0,0.9958702390394185,0,0.09078803332802969,0,-509.8855623881823,0,326.6420046413106,1]},{"transform":[0.1518140651118206,0,-0.9884090699878385,0,0,1,0,0,0.9884090699878385,0,0.1518140651118206,0,-506.0654438337733,0,203.7876419396792,1]},{"transform":[0.2230706084138773,0,-0.9748022895243234,0,0,1,0,0,0.9748022895243234,0,0.2230706084138773,0,-499.0987722364536,0,63.78504814788027,1]},{"transform":[0.301712968482152,0,-0.9533988067171513,0,0,1,0,0,0.9533988067171513,0,0.301712968482152,0,-488.1401890391815,0,-84.31171627421244,1]},{"transform":[0.3849337011109848,0,-0.9229442267813365,0,0,1,0,0,0.9229442267813365,0,0.3849337011109848,0,-472.5474441120443,0,-230.7843648065804,1]},{"transform":[0.4699669485960764,0,-0.8826840132387653,0,0,1,0,0,0.8826840132387653,0,0.4699669485960764,0,-451.9342147782478,0,-365.8055093376818,1]},{"transform":[0.5541401424585293,0,-0.8324233913796757,0,0,1,0,0,0.8324233913796757,0,0.5541401424585293,0,-426.200776386394,0,-480.2446297668434,1]},{"transform":[0.6349563380038752,0,-0.7725480236391189,0,0,1,0,0,0.7725480236391189,0,0.6349563380038752,0,-395.5445881032289,0,-566.5582745958162,1]},{"transform":[0.7101917787633171,0,-0.7040082651340079,0,0,1,0,0,0.7040082651340079,0,0.7101917787633171,0,-360.4522317486121,0,-619.588825601081,1]},{"transform":[0.7779947515584293,0,-0.6282707748634643,0,0,1,0,0,0.6282707748634643,0,0.7779947515584293,0,-321.6746367300937,0,-637.1168500543477,1]},{"transform":[0.8369735924939367,0,-0.54724327813852,0,0,1,0,0,0.54724327813852,0,0.8369735924939367,0,-280.1885584069223,0,-620.0617522735124,1]},{"transform":[0.8862639069405336,0,-0.4631806205515308,0,0,1,0,0,0.4631806205515308,0,0.8862639069405336,0,-237.1484777223838,0,-572.2955295272731,1]},{"transform":[0.9255675687403027,0,-0.3785824556106174,0,0,1,0,0,0.3785824556106174,0,0.9255675687403027,0,-193.8342172726361,0,-500.110590854175,1]},{"transform":[0.9551585881552628,0,-0.2960947001775701,0,0,1,0,0,0.2960947001775701,0,0.9551585881552628,0,-151.6004864909159,0,-411.4487170564372,1]},{"transform":[0.9758530260372866,0,-0.2184281840190746,0,0,1,0,0,0.2184281840190746,0,0.9758530260372866,0,-111.8352302177662,0,-315.040992807842,1]},{"transform":[0.9889411035787091,0,-0.1483087780696912,0,0,1,0,0,0.1483087780696912,0,0.9889411035787091,0,-75.93409437168189,0,-219.620886293842,1]},{"transform":[0.9960784969235623,0,-0.08847388296269554,0,0,1,0,0,0.08847388296269554,0,0.9960784969235623,0,-45.29862807690012,0,-133.3551585274785,1]},{"transform":[0.9991288973900389,0,-0.04173064102269695,0,0,1,0,0,0.04173064102269695,0,0.9991288973900389,0,-21.36608820362084,0,-63.59642390896602,1]},{"transform":[0.9999384888478222,0,-0.01109137145414161,0,0,1,0,0,0.01109137145414161,0,0.9999384888478222,0,-5.678782184520502,0,-17.00380491834119,1]},{"transform":[1,0,0,0,0,1,0,0,0,0,1,0,0,0,0,1]}],"beginTime":0,"repeatCount":0,"fillMode":"removed","property":"transform","autoreverses":false,"duration":1.5,"keyTimes":[0,0.04545454545454546,0.09090909090909091,0.1363636363636364,0.1818181818181818,0.2272727272727273,0.2727272727272727,0.3181818181818182,0.3636363636363636,0.4090909090909091,0.4545454545454545,0.5,0.5454545454545454,0.5909090909090909,0.6363636363636364,0.6818181818181818,0.7272727272727273,0.7727272727272727,0.8181818181818182,0.8636363636363636,0.9090909090909091,0.9545454545454546,1]}],"fillMode":"both","autoreverses":false,"duration":1.5}],"layers":[{"animations":[],"layers":[],"initialState":{"affineTransform":[1,0,0,1,0,0],"masksToBounds":false,"rotation":0,"scale":1,"position":{"pointX":512,"pointY":960},"width":1024,"sublayerTransform":[1,0,0,0,0,1,0,0,0,0,1,0,0,0,0,1],"contentsRect":{"y":0,"x":0,"width":1,"height":1},"opacity":1,"edgeAntialiasingMask":251658240,"height":384,"hidden":false,"anchorPoint":{"pointX":0.5,"pointY":0.5}},"texture":"25F8DCB6D765BB329C09C11FF1C84213"}],"texturedRectangle":{"isBackgroundTexture":false,"singleTextureOpacity":1,"textureType":0,"textBaseline":0,"textXHeight":0,"isVerticalText":false},"initialState":{"affineTransform":[1,0,0,1,0,0],"masksToBounds":false,"rotation":0,"scale":1,"position":{"pointX":512,"pointY":384},"width":1024,"sublayerTransform":[1,0,0,0,0,1,0,0,0,0,1,0,0,0,0,1],"contentsRect":{"y":0,"x":0,"width":1,"height":1},"opacity":1,"edgeAntialiasingMask":201326592,"height":768,"hidden":false,"anchorPoint":{"pointX":0.5,"pointY":0.5}},"texture":"BAF7728D059F5FEE298D0A80A8183D35"},{"animations":[{"timeOffset":0,"beginTime":0,"repeatCount":0,"animations":[{"timeOffset":0,"from":{"scalar":1},"beginTime":0,"repeatCount":0,"fillMode":"removed","duration":1.5,"autoreverses":false,"timingFunction":"EaseIn","property":"opacity","to":{"scalar":0.25}},{"timeOffset":0,"values":[{"transform":[1,0,0,0,0,1,0,0,0,0,1,0,0,0,0,1]},{"transform":[0.9999345045217509,0,0.01144494066566129,0,0,1,0,0,-0.01144494066566129,0,0.9999345045217509,0,5.859809620818582,0,-17.54474380449153,1]},{"transform":[0.9990778392421266,0,0.04293566274419741,0,0,1,0,0,-0.04293566274419741,0,0.9990778392421266,0,21.98305932502907,0,-65.41621592311338,1]},{"transform":[0.9958702390394185,0,0.09078803332802958,0,0,1,0,0,-0.09078803332802958,0,0.9958702390394185,0,46.48347306395114,0,-136.7600846829205,1]},{"transform":[0.9884090699878385,0,0.1518140651118206,0,0,1,0,0,-0.1518140651118206,0,0.9884090699878385,0,77.72880133725216,0,-224.5490005568419,1]},{"transform":[0.9748022895243234,0,0.2230706084138773,0,0,1,0,0,-0.2230706084138773,0,0.9748022895243234,0,114.2121515079052,0,-321.1015725806681,1]},{"transform":[0.9533988067171513,0,0.3017129684821519,0,0,1,0,0,-0.3017129684821519,0,0.9533988067171513,0,154.4770398628618,0,-417.9748654505321,1]},{"transform":[0.9229442267813365,0,0.3849337011109847,0,0,1,0,0,-0.3849337011109847,0,0.9229442267813365,0,197.0860549688242,0,-506.2457539498004,1]},{"transform":[0.8826840132387653,0,0.4699669485960764,0,0,1,0,0,-0.4699669485960764,0,0.8826840132387653,0,240.6230776811911,0,-577.1166464347386,1]},{"transform":[0.8324233913796758,0,0.5541401424585293,0,0,1,0,0,-0.5541401424585293,0,0.8324233913796758,0,283.719752938767,0,-622.7256532144704,1]},{"transform":[0.7725480236391189,0,0.6349563380038752,0,0,1,0,0,-0.6349563380038752,0,0.7725480236391189,0,325.0976450579841,0,-637.005217641061,1]},{"transform":[0.704008265134008,0,0.710191778763317,0,0,1,0,0,-0.710191778763317,0,0.704008265134008,0,363.6181907268183,0,-616.4228666228747,1]},{"transform":[0.6282707748634644,0,0.7779947515584292,0,0,1,0,0,-0.7779947515584292,0,0.6282707748634644,0,398.3333127979158,0,-560.4581739865256,1]},{"transform":[0.5472432781385201,0,0.8369735924939365,0,0,1,0,0,-0.8369735924939365,0,0.5472432781385201,0,428.5304793568955,0,-471.7198313235392,1]},{"transform":[0.4631806205515309,0,0.8862639069405336,0,0,1,0,0,-0.8862639069405336,0,0.4631806205515309,0,453.7671203535532,0,-355.6768868961037,1]},{"transform":[0.3785824556106174,0,0.9255675687403027,0,0,1,0,0,-0.9255675687403027,0,0.3785824556106174,0,473.890595195035,0,-220.0542129317762,1]},{"transform":[0.2960947001775701,0,0.9551585881552628,0,0,1,0,0,-0.9551585881552628,0,0.2960947001775701,0,489.0411971354945,0,-74.00800641185856,1]},{"transform":[0.2184281840190746,0,0.9758530260372866,0,0,1,0,0,-0.9758530260372866,0,0.2184281840190746,0,499.6367493310908,0,72.76052630548251,1]},{"transform":[0.1483087780696913,0,0.9889411035787091,0,0,1,0,0,-0.9889411035787091,0,0.1483087780696913,0,506.3378450322991,0,210.7828643667752,1]},{"transform":[0.08847388296269559,0,0.9960784969235623,0,0,1,0,0,-0.9960784969235623,0,0.08847388296269559,0,509.9921904248639,0,331.3384038204853,1]},{"transform":[0.04173064102269702,0,0.9991288973900389,0,0,1,0,0,-0.9991288973900389,0,0.04173064102269702,0,511.5539954636999,0,426.591483351113,1]},{"transform":[0.01109137145414167,0,0.9999384888478222,0,0,1,0,0,-0.9999384888478222,0,0.01109137145414167,0,511.968506290085,0,489.2859191872233,1]},{"transform":[0,0,1,0,0,1,0,0,-1,0,0,0,512,0,511.9999999999999,1]}],"beginTime":0,"repeatCount":0,"fillMode":"removed","property":"transform","autoreverses":false,"duration":1.5,"keyTimes":[0,0.04545454545454546,0.09090909090909091,0.1363636363636364,0.1818181818181818,0.2272727272727273,0.2727272727272727,0.3181818181818182,0.3636363636363636,0.4090909090909091,0.4545454545454545,0.5,0.5454545454545454,0.5909090909090909,0.6363636363636364,0.6818181818181818,0.7272727272727273,0.7727272727272727,0.8181818181818182,0.8636363636363636,0.9090909090909091,0.9545454545454546,1]}],"fillMode":"both","autoreverses":false,"duration":1.5}],"layers":[{"animations":[],"layers":[],"initialState":{"affineTransform":[1,0,0,1,0,0],"masksToBounds":false,"rotation":0,"scale":1,"position":{"pointX":512,"pointY":960},"width":1024,"sublayerTransform":[1,0,0,0,0,1,0,0,0,0,1,0,0,0,0,1],"contentsRect":{"y":0,"x":0,"width":1,"height":1},"opacity":1,"edgeAntialiasingMask":251658240,"height":384,"hidden":false,"anchorPoint":{"pointX":0.5,"pointY":0.5}},"texture":"8DF1B3F98C1EC83BF8DFAE1D619D0E25"}],"texturedRectangle":{"isBackgroundTexture":false,"singleTextureOpacity":1,"textureType":0,"textBaseline":0,"textXHeight":0,"isVerticalText":false},"initialState":{"affineTransform":[1,0,0,1,0,0],"masksToBounds":false,"rotation":0,"scale":1,"position":{"pointX":512,"pointY":384},"width":1024,"sublayerTransform":[1,0,0,0,0,1,0,0,0,0,1,0,0,0,0,1],"contentsRect":{"y":0,"x":0,"width":1,"height":1},"opacity":1,"edgeAntialiasingMask":201326592,"height":768,"hidden":false,"anchorPoint":{"pointX":0.5,"pointY":0.5}},"texture":"DB6550025D179A08D61C6E8A620043F2"}]}]},"effects":[],"duration":1.5,"type":"transition","name":"com.apple.iWork.Keynote.BLTReflection","objectID":"0"}],"automaticPlay":false,"hyperlinks":[],"accessibility":[{"text":"SessionStorage","targetRectangle":{"y":194.4999890327454,"x":185.7499990463257,"width":134.421875,"height":19}},{"text":"{","targetRectangle":{"y":213.4999890327454,"x":185.7499990463257,"width":9.6015625,"height":19}},{"text":"\tpublic function __construct(string $cookieName = 'PHP_SESS_ID')","targetRectangle":{"y":232.4999890327454,"x":185.7499990463257,"width":640.8984375,"height":19}},{"text":"\t{","targetRectangle":{"y":251.4999890327454,"x":185.7499990463257,"width":45.6015625,"height":19}},{"text":"\t\tsession_name($cookieName);","targetRectangle":{"y":270.4999890327454,"x":185.7499990463257,"width":321.640625,"height":19}},{"text":"\t\tsession_start();","targetRectangle":{"y":289.4999890327454,"x":185.7499990463257,"width":225.625,"height":19}},{"text":"\t}","targetRectangle":{"y":308.4999890327454,"x":185.7499990463257,"width":45.6015625,"height":19}},{"text":"\tpublic function set(string $key, string $value)","targetRectangle":{"y":346.4999890327454,"x":185.7499990463257,"width":487.2734375,"height":19}},{"text":"\t{","targetRectangle":{"y":365.4999890327454,"x":185.7499990463257,"width":45.6015625,"height":19}},{"text":"\t\t$_SESSION[$key] = $value;","targetRectangle":{"y":384.4999890327454,"x":185.7499990463257,"width":312.0390625,"height":19}},{"text":"\t\treturn $this;","targetRectangle":{"y":422.4999890327454,"x":185.7499990463257,"width":196.8203125,"height":19}},{"text":"\t}","targetRectangle":{"y":441.4999890327454,"x":185.7499990463257,"width":45.6015625,"height":19}},{"text":"\tpublic function get(string $key):? string","targetRectangle":{"y":479.4999890327454,"x":185.7499990463257,"width":429.6640625,"height":19}},{"text":"\t{","targetRectangle":{"y":498.4999890327454,"x":185.7499990463257,"width":45.6015625,"height":19}},{"text":"\t\treturn $_SESSION[$key];","targetRectangle":{"y":517.4999890327454,"x":185.7499990463257,"width":292.8359375,"height":19}},{"text":"\t}","targetRectangle":{"y":536.4999890327454,"x":185.7499990463257,"width":45.6015625,"height":19}},{"text":"}","targetRectangle":{"y":555.4999890327454,"x":185.7499990463257,"width":9.6015625,"height":19}}],"baseLayer":{"animations":[],"initialState":{"affineTransform":[1,0,0,1,0,0],"masksToBounds":false,"rotation":0,"scale":1,"position":{"pointX":512,"pointY":384},"width":1024,"sublayerTransform":[1,0,0,0,0,1,0,0,0,0,1,0,0,0,0,1],"contentsRect":{"y":0,"x":0,"width":1,"height":1},"opacity":1,"edgeAntialiasingMask":251658240,"height":768,"hidden":false,"anchorPoint":{"pointX":0.5,"pointY":0.5}},"objectID":"0","layers":[{"animations":[],"initialState":{"affineTransform":[1,0,0,1,0,0],"masksToBounds":false,"rotation":0,"scale":1,"position":{"pointX":512,"pointY":384},"width":1024,"sublayerTransform":[1,0,0,0,0,1,0,0,0,0,1,-0.0004922987690640373,0,0,0,1],"contentsRect":{"y":0,"x":0,"width":1,"height":1},"opacity":1,"edgeAntialiasingMask":251658240,"height":768,"hidden":false,"anchorPoint":{"pointX":0.5,"pointY":0.5}},"layers":[{"animations":[],"layers":[],"texturedRectangle":{"isBackgroundTexture":false,"singleTextureOpacity":1,"textureType":0,"textBaseline":0,"textXHeight":0,"isVerticalText":false},"initialState":{"affineTransform":[1,0,0,1,0,0],"masksToBounds":false,"rotation":0,"scale":1,"position":{"pointX":512,"pointY":384},"width":1024,"sublayerTransform":[1,0,0,0,0,1,0,0,0,0,1,0,0,0,0,1],"contentsRect":{"y":0,"x":0,"width":1,"height":1},"opacity":1,"edgeAntialiasingMask":0,"height":768,"hidden":false,"anchorPoint":{"pointX":0.5,"pointY":0.5}},"texture":"DB6550025D179A08D61C6E8A620043F2"}]}]}}]}} )